 -0.423174018E-14 0.824368575E-15-0.475061123E-15-0.906935748E-14 00000
  0.297782242    -0.580097814E-01 0.334294546E-01 0.638199296     10000
  -1.53130429     0.152909596E-01-0.881176290E-02-0.168224727     01000
 -0.168295697E-15-0.777383599     0.299528811    -0.266192832E-15 00100
  0.805252810E-15  1.58973208     -1.89889594     0.100382934E-14 00010
  0.355868235    -0.842772508E-01 0.485666807E-01 0.927182983     00001
 -0.592162318     0.151112212    -0.917335582E-01 -1.29952029     20000
   3.09495075    -0.770302967     0.491633844      8.71649013     11000
 -0.308064890    -0.398693088E-01-0.997301718E-01-0.707311441     02000
  0.118427569E-01  3.64567927    -0.710219016     0.187316553E-01 10100
 -0.608997508E-01 -1.16406005     0.276364000    -0.963249650E-01 01100
  0.137389469E-02-0.246053545E-03-0.218742199E-02 0.309885034E-02 00200
 -0.566646290E-01 -38.1501942      7.24320427    -0.706382101E-01 10010
  0.291390073      10.6901705     -1.82332564     0.363247295     01010
  0.688397524E-01-0.674549733E-01 0.382194118E-01 0.160869843     00110
  -1.89302417     0.369619627    -0.233086156     -3.16026870     10001
   4.68077290     -1.06202219     0.715132742      12.7989155     01001
  0.196818378E-01  5.29053934     -1.02917090     0.368739336E-01 00101
 -0.406652736     0.373283364    -0.117360219    -0.437612121     00020
 -0.102832252     -55.7429896      10.6522430    -0.176432548     00011
  -1.50035315     0.221840984    -0.145169670     -1.84842788     00002
   2.90509181    -0.681072428     0.413943604      5.77818539     30000
  -25.8871526      6.26098073     -3.83074241     -59.2362970     21000
   63.1226867     -16.0479495      9.83943020      178.315996     12000
  -34.4518569      9.55360439     -5.57535356     -105.529297     03000
 -0.101597918     -15.3305177      3.00892143    -0.176243434     20100
  0.633027254      91.7083719     -17.5542023      1.19323214     11100
 -0.570670562     -103.465449      19.2409287     -1.47872714     02100
  0.634145808    -0.376565102E-01 0.898165090E-01  1.81782005     10200
  -3.28994632     0.299987626    -0.390851930     -9.40297826     01200
  0.546395937E-04 -2.38405449     0.448699174     0.864232920E-04 00300
  0.661343111      160.033535     -31.2885793      1.14325571     20010
  -3.87552333     -946.630717      180.974503     -7.07469916     11010
   2.45071324      1084.52263     -206.170068      6.16081998     02010
  -13.4794637      1.69732249     -1.95736218     -38.1435489     10110
   68.5382356     -9.78046129      8.77624396      194.871668     01110
  0.247631024E-02  75.9422798     -14.4691900     0.400437931E-02 00210
   12.6247274     -2.52730955      1.57248112      21.5571301     20001
  -73.9944836      15.5758866     -9.74696599     -145.738547     11001
   89.5025502     -20.9218236      12.9578460      233.252223     02001
 -0.332979791     -38.2329808      7.56327295    -0.561714675     10101
   1.00383675      119.827297     -23.1665417      1.79440897     01101
  0.867923610     0.645650497E-01 0.827361109E-01  1.93498121     00201
   70.9090290     -13.5558811      10.5538824      199.097518     10020
  -359.660257      70.0931973     -49.2063787     -1013.96024     01020
 -0.292719554E-01 -803.928124      154.085049    -0.419098052E-01 00120
   2.18002085      401.984903     -79.2083857      3.76528880     10011
  -6.17430056     -1241.91740      239.237299     -11.0819340     01011
  -18.7390771     0.179432422     -1.91396715     -41.3235391     00111
   18.4127727     -3.18427729      2.03879731      27.7952043     10002
  -54.3961181      9.93282396     -6.37778624     -92.4951209     01002
 -0.271909674     -24.9403322      4.95114779    -0.434685601     00102
  0.773814658E-01  2823.91111     -543.373624     0.964638493E-01 00030
   99.7965909     -8.91411418      10.8372514      219.408356     00021
   1.79235948      264.431810     -52.4149509      2.99039984     00012
   8.98941547     -1.35683848     0.898808996      12.3415102     00003
  -16.5827317      3.70126974     -2.26153703     -31.1224261     40000
   200.906234     -45.9319018      28.1788245      409.710067     31000
  -817.345243      192.645485     -118.614419     -1859.74822     22000
   1248.16966     -304.847294      188.092625      3263.74158     13000
  -534.720001      132.422207     -81.7867590     -1472.53037     04000
  0.848500054      67.9475676     -13.4735635      1.47107109     30100
  -7.92948451     -611.543931      119.926279     -14.7439055     21100
   21.6330710      1473.74998     -285.054423      44.4532064     12100
  -16.8649153     -672.937174      129.694503     -38.6354886     03100
  -4.68287254    -0.453414602    -0.463315621     -9.87539239     20200
   33.8553287      2.48870366      3.25708472      77.7028359     11200
  -50.0327249     -1.81115711     -5.39125406     -138.249083     02200
  0.669529772E-01  14.8206051     -2.91770267     0.124251978     10300
 -0.346798087     -57.1670628      11.1125360    -0.642757468     01300
  0.344051796E-02-0.191681168E-01-0.677082841E-02 0.958103489E-02 00400
  -5.90559676     -713.751643      140.944150     -10.2093646     30010
   53.3466955      6360.81856     -1241.44871      98.6180235     21010
  -138.688112     -15127.8108      2908.43765     -280.606813     12010
   105.026471      6599.64481     -1258.73574      222.606650     03010
   97.5637162      2.15779707      10.6499041      205.579021     20110
  -696.148066      1.81396175     -75.1745804     -1596.78114     11110
   1008.66754     -46.9109426      123.108459      2787.52545     02110
  -1.90319779     -471.142236      92.4572809     -3.47314730     10210
   9.70468973      1765.74666     -341.387944      17.7368057     01210
  0.753919889E-01 0.629567188     0.284980255     0.228775161     00310
  -93.2151981      18.7607150     -11.6514172     -159.582903     30001
   842.632295     -174.677435      108.854102      1567.11187     21001
  -2275.71018      493.339176     -307.819783     -4749.28432     12001
   1728.43368     -401.927932      250.087364      4313.46272     03001
   3.91744400      262.172691     -52.0049864      6.52771884     20101
  -23.8636120     -1600.27664      314.118329     -42.6500303     11101
   31.9533545      2004.62979     -387.484785      63.3734034     02101
  -13.3395959     -2.26035740    -0.951056401     -24.3794611     10201
   48.5708004      6.14080022      3.54138170      94.3146436     01201
  0.106295650      17.4541232     -3.44303316     0.207776191     00301
  -501.584815      25.9510655     -59.8077619     -1056.93181     20020
   3553.91799     -285.423288      426.309365      8144.64710     11020
  -5068.05048      677.670168     -693.991438     -14009.7422     02020
   17.4003419      4940.58200     -965.584146      31.1681275     10120
  -88.1882773     -18119.3783      3484.00545     -158.273053     01120
  -3.55611757     -7.02205567     -4.35606494     -10.2315081     00220
  -27.3784003     -2763.91816      546.441021     -45.9465688     20011
   160.493646      16704.6162     -3266.73100      289.094747     11011
  -203.818351     -20658.6998      3972.10047     -407.810923     02011
   279.219362      25.1875261      23.1938351      510.427430     10111
  -1005.01969     -49.0895089     -85.7459150     -1956.19429     01111
  -3.05524257     -563.152461      110.800142     -5.89481936     00211
  -197.900014      36.1859236     -22.8855640     -312.921942     20002
   1190.77591     -224.924311      142.606614      2041.09082     11002
  -1602.78073      319.425559     -202.417462     -3076.37502     02002
   6.03719422      344.978563     -68.3814260      9.58801136     10102
  -18.1046462     -1067.53840      209.737209     -30.9464177     01102
  -9.30502481     -2.21646215    -0.456274237     -15.2624181     00202
  -51.1635763     -17128.8200      3332.27497     -89.3625457     10030
   258.936393      61788.8634     -11811.8002      452.928026     01030
   34.1199507      28.8812370      28.5957037      96.9528069     00130
  -1442.85246     -17.7849734     -136.402662     -2640.50781     10021
   5166.79568     -153.703714      505.284812      10072.2067     01021
   28.2564689      5985.36361     -1173.17222      53.9473476     00121
  -42.4008487     -3650.74415      721.970944     -68.2777049     10012
   121.929455      11179.9190     -2190.31834      212.013952     01012
   195.953038      29.9601022      12.1913750      320.964259     00112
  -188.323534      31.4538223     -20.2927337     -277.659854     10003
   567.968862     -98.0716958      63.3662701      905.326841     01003
   3.10560296      154.695975     -30.6050095      4.68594938     00103
  -95.0693326     -25.4786605     -67.4067148     -268.698491     00040
  -84.2138976     -21017.8087      4101.40366     -158.823616     00031
  -1018.66118     -70.9725380     -76.3174954     -1667.81144     00022
  -21.9414532     -1644.07598      324.895852     -33.7253665     00013
  -67.7891448      10.3829847     -6.84390752     -93.8610346     00004
   104.330960     -22.6834290      13.9048064      190.961589     50000
  -1596.00560      353.783552     -217.456409     -3102.47548     41000
   9057.69603     -2055.84401      1266.77810      18956.8929     32000
  -23245.9592      5429.40733     -3352.05673     -53285.3387     23000
   25967.5684     -6265.92869      3872.91477      66272.1216     14000
  -9586.91130      2373.87578     -1468.52058     -26422.6239     05000
  -6.89490359     -374.939870      74.3114284     -11.9264409     40100
   85.3486761      4619.76630     -908.775431      155.939088     31100
  -362.298566     -19099.6087      3720.55093     -710.406124     22100
   605.302184      29538.1315     -5678.78594      1299.95598     13100
  -318.138309     -12843.8350      2424.84847     -766.150586     04100
   36.6044910      6.28591580      2.71558236      71.5202367     30200
  -373.187363     -54.9106312     -28.8104684     -780.679126     21200
   1142.70282      128.422740      95.5063298      2644.31172     12200
  -985.718296     -62.8935186     -93.2503254     -2678.36319     03200
  -1.03050382     -110.371097      21.8706624     -1.86998840     20300
   7.79283757      800.055873     -156.727810      14.6261816     11300
  -12.7773304     -1244.50162      239.631434     -25.7059021     02300
   1.45241491     0.656485141     0.118035039      3.68680523     10400
  -7.57905448     -2.94117257    -0.403803025     -19.1845306     01400
  0.331036590E-03 -1.12375464     0.205413081     0.608605192E-03 00500
   49.0929286      3954.12965     -781.242028      84.7446994     40010
  -591.362655     -48424.9763      9494.81694     -1078.28945     31010
   2418.97189      198986.574     -38630.8564      4733.14732     22010
  -3836.60948     -306427.874      58721.9183     -8207.49590     13010
   1859.73180      134159.186     -25313.4803      4428.10562     04010
  -760.068341     -75.8320297     -65.4209338     -1487.48306     30110
   7691.81723      578.471958      688.058605      16116.9422     21110
  -23357.2797     -943.138767     -2250.84598     -54137.2866     12110
   19954.6814     -132.635565      2149.71597      54308.2947     03110
   29.0837858      3493.35823     -690.821853      52.6049837     20210
  -216.299356     -25012.7701      4889.60926     -405.208905     11210
   344.894419      38403.9270     -7378.16766      694.972459     02210
  -64.1175522     -23.1039690     -5.71828052     -162.218906     10310
   328.501671      100.316472      20.7257388      832.821244     01310
  0.639526583E-02  69.9149790     -13.2980627     0.122856087E-01 00410
   722.481450     -145.592749      90.3601245      1238.12504     40001
  -8812.74110      1814.03692     -1128.56168     -16028.8080     31001
   37408.9820     -7919.09068      4934.82910      73295.6924     22001
  -63895.2020      14033.8509     -8748.81958     -137594.781     13001
   35713.4807     -8213.32952      5112.94254      86837.8460     04001
  -41.1417698     -1945.09103      385.231457     -68.5063815     30101
   378.016991      18016.3068     -3543.98550      664.586486     21101
  -1059.81786     -50081.0450      9762.98352     -1999.18070     12101
   877.839796      39416.8306     -7585.90439      1816.27371     03101
   153.013765      33.9891144      8.55080402      272.748929     20201
  -1038.80994     -196.495689     -63.3888710     -1968.48471     11201
   1597.32237      233.267724      110.957234      3324.27314     02201
  -3.16733331     -275.475270      54.6439649     -5.62073409     10301
   11.7761427      1017.80534     -199.918075      21.3633432     01301
   1.86013458      1.24598469     0.567063933E-01  4.33237272     00401
   3895.53677      112.450833      380.500695      7640.78425     30020
  -39296.5051     -107.680643     -3995.13850     -82489.7431     21020
   118830.348     -3972.39428      12991.2311      275888.600     12020
  -100963.807      8031.84618     -12233.7055     -275404.637     03020
  -266.591674     -36563.2735      7213.18303     -480.667099     20120
   1952.88933      259468.682     -50605.1447      3648.94579     11120
  -3021.15681     -394500.169      75623.3362     -6092.27680     02120
   1038.62412      289.725115      100.416717      2624.59507     10220
  -5258.07473     -1207.57357     -380.505293     -13355.1136     01220
 -0.443458565     -1644.14641      316.365638    -0.816888134     00320
   294.257865      20555.7792     -4060.93885      491.267552     30011
  -2629.10192     -189226.852      37125.0022     -4638.42939     21011
   7104.77191      522541.541     -101580.787      13460.9814     12011
  -5599.46390     -408956.550      78473.5189     -11634.3068     03011
  -3184.53188     -468.382673     -218.596901     -5686.74134     20111
   21466.2530      2469.17714      1586.07001      40770.5737     11111
  -32719.7099     -2389.14252     -2702.78761     -68315.7451     02111
   89.8689353      8766.80546     -1735.74572      159.191018     10211
  -328.246484     -32004.0297      6274.46983     -595.426045     01211
  -82.7321727     -46.0983863     -3.55872655     -191.288802     00311
   2015.69753     -378.259327      237.884244      3256.46125     30002
  -18407.6416      3532.90102     -2226.22362     -31534.8056     21002
   52010.6064     -10298.6055      6494.51109      95973.1002     12002
  -44359.4729      9172.72269     -5777.11097     -90052.2795     03002
  -92.1821760     -3850.58538      761.621031     -147.416172     20102
   560.382524      23841.5677     -4686.88488      946.765449     11102
  -779.685984     -33367.4547      6505.69399     -1414.52580     02102
   213.350142      57.1191410      8.60429298      352.353216     10202
  -727.666157     -165.209259     -34.2492758     -1268.54796     01202
  -2.40567185     -173.709314      34.4353011     -4.12188756     00302
   794.081611      126753.331     -24942.3166      1426.34964     20030
  -5722.99956     -894077.696      173965.833     -10653.0365     11030
   8528.00990      1350248.04     -258291.293      17196.2151     02030
  -7349.18239     -1500.67925     -763.789174     -18585.9598     10130
   36960.3880      5852.22031      3004.28044      94101.3957     01130
   6.26794212      18545.7998     -3575.24588      11.3409992     00230
   16363.0776      1199.08852      1326.41465      29289.6803     20021
  -109982.752     -4458.04753     -9530.81084     -209349.069     11021
   166862.125     -278.268230      15995.1921      349349.043     02021
  -828.667953     -92230.7349      18219.7890     -1466.72009     10121
   2977.33524      333764.172     -65296.7711      5400.88648     01121
   1347.15716      618.952128      73.2374711      3106.34256     00221
   662.114648      40781.4577     -8051.72587      1065.29015     20012
  -3911.47870     -250926.724      49233.1385     -6660.46349     11012
   5244.41596      348720.734     -67847.2724      9605.87272     02012
  -4452.72633     -843.823416     -239.821899     -7364.18355     10112
   15084.4498      2271.04213      912.279505      26353.1255     01112
   68.6703111      5560.17629     -1100.42709      117.531671     00212
   2833.80888     -496.936609      316.924426      4339.05712     20003
  -17247.0735      3095.55101     -1977.24926     -27973.4991     11003
   24355.9528     -4521.16431      2887.34166      42543.5267     02003
  -91.9938700     -3443.27912      679.870807     -141.190578     10103
   278.290495      10702.5298     -2101.66948      451.576285     01103
   99.1491408      30.8645726      2.63761106      153.607594     00203
   19234.6557      2570.83370      2135.33320      48776.6273     10040
  -96559.6440     -8646.49819     -8689.39921     -246597.933     01040
  -34.8981736     -101373.834      19504.4981     -62.0570475     00140
   2485.01673      321322.005     -63323.4286      4397.01073     10031
  -8769.19023     -1155848.18      225636.227     -15907.5997     01031
  -9565.38383     -3550.78651     -621.409715     -22078.5239     00131
   22947.2701      2587.47256      1537.37970      38028.8719     10022
  -77552.8013     -5730.09729     -5719.70205     -135752.544     01022
  -637.250880     -58809.6163      11615.7542     -1091.33847     00122
   663.507792      36551.6310     -7209.47479      1027.12513     10013
  -1949.29512     -112886.265      22141.4572     -3199.07551     01013
  -2075.96097     -476.658667     -84.8581184     -3218.55321     00113
   2008.25612     -329.915794      213.532167      2926.65430     10004
  -6119.45795      1029.06567     -666.815899     -9432.97971     01004
  -34.5204494     -1171.58073      230.843039     -50.8627409     00104
   68.5102835      216380.872     -41479.2220      119.745284     00050
   25087.5747      7247.46714      1883.65992      58152.0355     00041
   1924.42774      205939.778     -40588.0373      3301.60144     00032
   10733.3459      1606.24422      587.208379      16665.6494     00023
   250.037232      12467.7421     -2455.97654      372.238858     00014
   574.044043     -88.4983865      58.1711725      798.893897     00005
 ------------------------------------------------------------------------------
